Codigos Controle AR LG

ON
(59) 8392, 4228, 552, 1696, 528, 568, 552, 572, 524, 600, 528, 1692, 528, 592, 532, 568, 556, 568, 524, 596, 532, 568, 552, 572, 528, 592, 532, 568, 552, 572, 524, 596, 532, 568, 552, 572, 524, 596, 528, 1696, 524, 1696, 552, 572, 524, 1696, 552, 572, 528, 1692, 556, 1688, 528, 572, 556, 568, 524, 596, 528

OFF
(59) 8416, 4228, 528, 1692, 552, 572, 528, 596, 524, 572, 556, 1692, 528, 568, 580, 544, 528, 596, 528, 1692, 528, 1692, 552, 572, 556, 568, 552, 544, 580, 544, 528, 596, 556, 540, 552, 572, 552, 572, 528, 568, 552, 572, 556, 568, 524, 1696, 524, 600, 552, 1668, 528, 596, 552, 544, 552, 572, 552, 1668, 552

TEMP +
(59) 8412, 4232, 580, 1664, 552, 544, 580, 544, 556, 568, 556, 1664, 556, 568, 552, 544, 580, 544, 556, 568, 556, 540, 584, 540, 552, 572, 556, 1664, 552, 572, 556, 540, 580, 544, 556, 1664, 584, 1664, 552, 544, 584, 1664, 556, 540, 576, 1672, 552, 544, 580, 1668, 552, 1668, 556, 568, 548, 1672, 552, 572, 552

TEMP -
(59) 8392, 4224, 556, 1668, 552, 568, 556, 544, 580, 540, 556, 1668, 576, 544, 552, 572, 556, 544, 580, 540, 556, 568, 556, 544, 580, 540, 556, 1664, 580, 544, 552, 572, 552, 548, 580, 1664, 552, 1668, 552, 572, 556, 540, 584, 540, 556, 1664, 584, 540, 556, 1664, 580, 1668, 552, 544, 580, 544, 556, 1664, 580

VELOCIDADE
(59) 8408, 4264, 540, 1680, 572, 552, 544, 576, 548, 552, 572, 1672, 544, 556, 572, 548, 548, 576, 544, 556, 572, 552, 544, 576, 548, 552, 572, 1672, 548, 552, 568, 556, 544, 576, 548, 1672, 548, 1676, 568, 552, 548, 576, 548, 548, 572, 552, 548, 576, 548, 548, 572, 552, 548, 1672, 572, 552, 548, 576, 548

SWING - ON
(59) 8340, 4252, 528, 1692, 556, 568, 528, 596, 528, 572, 552, 1692, 532, 564, 552, 572, 532, 592, 528, 568, 552, 572, 524, 600, 528, 1692, 528, 596, 528, 568, 556, 568, 528, 596, 528, 568, 552, 572, 524, 600, 528, 568, 548, 576, 524, 600, 528, 568, 552, 572, 528, 596, 528, 568, 552, 572, 528, 1692, 556

SWING - OFF
(59) 8360, 4260, 520, 1700, 544, 580, 524, 600, 524, 572, 548, 1700, 516, 580, 548, 576, 520, 604, 520, 576, 548, 576, 520, 604, 520, 1700, 520, 604, 512, 584, 548, 576, 520, 600, 524, 576, 544, 580, 520, 604, 520, 576, 544, 580, 520, 600, 524, 576, 544, 580, 516, 604, 520, 580, 548, 576, 516, 1704, 544

JET COOL - ON
(59) 8408, 4264, 516, 1708, 540, 580, 516, 604, 524, 576, 540, 1704, 524, 576, 540, 580, 524, 600, 520, 580, 544, 576, 520, 604, 520, 1700, 520, 604, 524, 572, 548, 576, 524, 600, 512, 584, 548, 576, 520, 604, 520, 576, 544, 1704, 520, 576, 548, 576, 520, 604, 524, 1696, 516, 608, 524, 572, 548, 1700, 520

JET COOL - OFF
(59) 8392, 4252, 524, 1700, 540, 580, 528, 596, 520, 576, 548, 1700, 528, 568, 556, 568, 528, 596, 528, 568, 556, 568, 524, 600, 524, 572, 556, 1692, 520, 576, 552, 572, 524, 600, 524, 572, 556, 568, 524, 1696, 556, 1692, 528, 568, 552, 1696, 524, 572, 540, 584, 524, 1696, 556, 1692, 528, 1692, 532, 1688, 556

MODO - AR
(59) 8420, 4200, 580, 1664, 556, 544, 580, 544, 556, 568, 548, 1668, 556, 568, 552, 548, 576, 544, 552, 572, 552, 548, 576, 544, 556, 568, 552, 1668, 528, 596, 528, 568, 584, 540, 528, 596, 552, 544, 580, 1668, 552, 1668, 556, 568, 552, 1668, 552, 572, 528, 568, 552, 1696, 556, 1664, 556, 1664, 580, 1668, 552

MODO - UMIDADE
(59) 8388, 4232, 556, 1688, 528, 572, 552, 568, 528, 596, 528, 1692, 532, 592, 524, 572, 556, 568, 532, 592, 524, 572, 556, 568, 528, 596, 524, 1696, 532, 592, 528, 568, 556, 1692, 524, 1696, 516, 608, 524, 572, 552, 572, 524, 600, 528, 568, 556, 1692, 528, 568, 544, 580, 528, 596, 528, 1692, 528, 1692, 548

ENERGY SAVING - ON
(59) 8416, 4256, 528, 1692, 528, 596, 528, 568, 552, 572, 528, 1692, 556, 568, 528, 596, 528, 568, 556, 568, 524, 600, 528, 568, 552, 572, 524, 1696, 552, 572, 528, 596, 524, 572, 556, 568, 528, 1692, 556, 568, 520, 600, 532, 568, 548, 1700, 524, 572, 556, 568, 524, 596, 528, 572, 552, 572, 528, 592, 532

ENERGY SAVING - OFF
(59) 8440, 4204, 576, 1668, 556, 568, 556, 544, 580, 540, 556, 1668, 576, 544, 556, 568, 556, 544, 572, 1672, 552, 1668, 556, 568, 556, 544, 576, 544, 556, 568, 556, 540, 576, 548, 556, 568, 552, 544, 580, 544, 556, 568, 556, 1664, 556, 568, 556, 540, 580, 1668, 556, 540, 580, 1668, 556, 540, 580, 1668, 556

